[ 16 -10]
[ 14 -10]
[15 -7]
[17 -8]
[ 15 -11]
[15 -8]
[17 -8]
[17 -8]
[16 -6]
[13 -7]
[16 -7]
[15 -9]
[16 -7]
[16 -8]
[ 15 -10]
[16 -7]
[ 16 -10]
[15 -9]
[14 -8]
[15 -9]
[15 -8]
[16 -8]
[ 16 -10]
[14 -9]
[16 -6]
[15 -9]
[14 -9]
[16 -7]
[16 -9]
[ 15 -10]
[15 -8]
[16 -7]
[ 16 -11]
[15 -8]
[16 -8]
[12 -9]
[13 -8]
[16 -9]
[15 -8]
[16 -9]
[16 -8]
[ 15 -10]
[ 14 -10]
[ 16 -10]
[15 -9]
[16 -9]
[ 16 -11]
[15 -8]
[ 15 -10]
[18 -7]
[16 -9]
[16 -8]
[17 -9]
[ 17 -10]
[ 13 -11]
[17 -8]
[ 17 -10]
[ 15 -11]
[16 -7]
[ 17 -11]
[13 -9]
[13 -9]
[ 17 -10]
[13 -7]
[ 14 -10]
[14 -9]
[15 -8]
[14 -8]
[ 15 -10]
[ 16 -11]
[ 14 -10]
[15 -8]
[16 -9]
[14 -8]
[15 -9]
[15 -9]
[15 -8]
[14 -8]
[14 -8]
[16 -9]
[13 -8]
[15 -7]
[16 -8]
[15 -6]
[ 14 -11]
[ 14 -10]
[16 -8]
[16 -8]
[14 -9]
[15 -8]
[15 -9]
[16 -9]
[ 14 -10]
[14 -8]
[16 -9]
[ 14 -10]
[13 -7]
[ 15 -10]
[15 -9]
[15 -8]
[ 16 -10]
[14 -9]
[ 17 -10]
[14 -9]
[14 -8]
[ 14 -10]
[17 -9]
[ 16 -12]
[15 -8]
[15 -9]
[ 16 -12]
[14 -9]
[ 17 -11]
[ 17 -11]
[ 18 -12]
[ 17 -10]
[ 15 -11]
[ 16 -10]
[ 17 -11]
[ 13 -11]
[ 16 -10]
[ 16 -11]
[ 15 -11]
[14 -8]
[ 17 -10]
[13 -9]
[ 15 -10]
[ 15 -11]
[ 16 -12]
[ 14 -10]
[ 14 -10]
[ 15 -10]
[ 16 -11]
[14 -8]
[ 14 -11]
[14 -9]
[ 15 -11]
[15 -9]
[ 14 -10]
[ 13 -10]
[ 15 -10]
[ 16 -11]
[14 -8]
[15 -9]
[ 16 -10]
[15 -9]
[ 13 -11]
[17 -8]
[ 13 -11]
[14 -7]
[ 14 -11]
[14 -7]
[ 13 -12]
[17 -8]
[ 16 -13]
[14 -9]
[ 14 -12]
[ 16 -13]
[ 14 -12]
[13 -9]
[ 15 -10]
[14 -9]
[ 15 -10]
[ 14 -10]
[ 16 -10]
[16 -9]
[ 13 -10]
[ 15 -10]
[ 15 -10]
[ 13 -10]
[ 12 -12]
[ 15 -11]
[ 13 -10]
[ 16 -12]
[ 16 -10]
[ 15 -10]
[ 13 -11]
[13 -9]
[ 14 -10]
[13 -9]
[ 14 -10]
[ 14 -11]
[ 13 -12]
[12 -9]
[ 15 -10]
[ 15 -12]
[11 -9]
[15 -9]
[13 -9]
[ 14 -11]
[13 -7]
[ 15 -12]
[ 13 -10]
[14 -9]
[ 15 -13]
[11 -8]
[ 15 -11]
[ 12 -12]
[13 -9]
[ 15 -11]
[ 16 -12]
[ 14 -11]
[ 13 -10]
[ 17 -11]
[ 13 -10]
[ 15 -10]
[ 14 -12]
[ 16 -12]
[ 14 -10]
[ 15 -12]
[ 14 -13]
[ 16 -11]
[ 15 -11]
[ 15 -12]
[15 -9]
[ 16 -11]
[ 14 -11]
[ 14 -11]
[ 13 -10]
[ 14 -12]
[ 14 -11]
[ 16 -12]
[ 14 -11]
[ 14 -12]
[ 14 -10]
[ 15 -14]
[ 15 -12]
[ 12 -11]
[ 13 -11]
[ 14 -10]
[ 14 -10]
[15 -8]
[ 14 -12]
[ 15 -11]
[ 14 -11]
[ 13 -12]
[ 15 -10]
[13 -9]
[ 13 -11]
[ 16 -10]
[ 16 -12]
[ 13 -12]
[ 14 -11]
[ 15 -12]
[ 13 -12]
[ 13 -10]
[ 16 -12]
[ 14 -12]
[ 12 -10]
[ 15 -10]
[ 15 -11]
[ 14 -11]
[ 12 -12]
[ 14 -12]
[ 13 -11]
[ 15 -11]
[ 16 -13]
[ 14 -11]
[ 13 -10]
[ 13 -12]
[ 13 -13]
[13 -9]
[ 13 -10]
[ 14 -11]
[ 14 -13]
[ 15 -11]
[ 14 -11]
[12 -9]
[ 14 -11]
[ 14 -11]
[ 13 -11]
[ 13 -11]
[ 14 -10]
[ 12 -12]
[ 14 -10]
[ 14 -12]
[ 15 -10]
[ 14 -11]
[ 12 -10]
[ 14 -11]
[ 12 -14]
[12 -9]
[ 15 -12]
[ 13 -10]
[ 13 -13]
[ 14 -11]
[ 14 -12]
[ 13 -12]
[ 13 -13]
[ 16 -13]
[ 14 -12]
[ 14 -12]
[ 14 -14]
[ 14 -11]
[ 14 -14]
[ 15 -15]
[ 15 -11]
[ 15 -13]
[ 12 -13]
[ 15 -13]
[ 15 -11]
[ 13 -12]
[ 11 -10]
[ 18 -13]
[ 13 -12]
[14 -9]
[ 14 -12]
[ 12 -13]
[ 14 -12]
[ 14 -12]
[ 12 -13]
[13 -9]
[ 17 -12]
[ 12 -12]
[ 13 -10]
[ 15 -12]
[ 12 -12]
[ 12 -11]
[ 14 -12]
[ 12 -13]
[ 14 -11]
[ 11 -13]
[ 15 -11]
[ 11 -10]
[ 14 -12]
[ 13 -12]
[13 -9]
[ 11 -11]
[ 13 -11]
[ 13 -11]
[ 11 -11]
[ 13 -10]
[ 14 -11]
[ 12 -11]
[ 13 -12]
[ 13 -12]
[13 -9]
[ 15 -10]
[ 13 -13]
[ 12 -11]
[ 14 -11]
[ 12 -13]
[ 13 -13]
[ 14 -15]
[ 13 -13]
[ 10 -13]
[ 12 -12]
[ 13 -13]
[ 13 -12]
[ 14 -11]
[ 13 -13]
[ 14 -11]
[ 12 -13]
[ 14 -12]
[ 15 -14]
[ 14 -11]
[ 15 -11]
[ 15 -12]
[ 13 -14]
[ 13 -10]
[ 14 -13]
[ 13 -11]
[ 15 -12]
[ 14 -15]
[ 14 -13]
[ 14 -13]
[ 13 -14]
[ 11 -13]
[ 14 -11]
[ 14 -12]
[ 12 -12]
[ 15 -13]
[ 12 -13]
[ 13 -12]
[ 15 -11]
[ 12 -12]
[ 13 -11]
[ 13 -12]
[ 13 -11]
[ 14 -11]
[ 12 -14]
[ 11 -13]
[ 13 -11]
[ 13 -14]
[ 14 -11]
[ 13 -13]
[ 12 -12]
[ 13 -11]
[ 15 -13]
[ 13 -12]
[ 15 -12]
[ 12 -12]
[ 11 -11]
[ 15 -12]
[ 11 -13]
[ 10 -13]
[ 14 -14]
[ 11 -12]
[ 13 -11]
[ 12 -13]
[ 13 -12]
[  9 -13]
[ 15 -12]
[ 14 -13]
[ 12 -11]
[ 14 -12]
[ 12 -13]
[ 15 -13]
[ 12 -12]
[ 13 -13]
[ 10 -15]
[ 13 -14]
[ 12 -13]
[ 14 -14]
[ 12 -13]
[ 12 -12]
[ 12 -15]
[ 13 -12]
[ 12 -13]
[ 10 -14]
[ 13 -15]
[ 13 -13]
[ 12 -14]
[ 12 -13]
[ 14 -12]
[ 15 -14]
[ 11 -14]
[ 13 -13]
[ 13 -14]
[ 13 -15]
[ 12 -13]
[ 15 -13]
[ 11 -17]
[ 13 -15]
[ 13 -12]
[ 12 -13]
[ 12 -13]
[ 13 -12]
[ 13 -15]
[ 11 -13]
[ 13 -12]
[ 12 -16]
[ 11 -15]
[ 12 -14]
[ 13 -15]
[ 12 -16]
[ 14 -12]
[ 11 -14]
[ 12 -16]
[ 12 -14]
[ 14 -14]
[ 14 -14]
[ 12 -13]
[ 15 -16]
[ 13 -14]
[ 13 -13]
[ 13 -15]
[ 12 -14]
[ 12 -13]
[ 12 -15]
[ 11 -13]
[ 11 -13]
[ 13 -14]
[ 11 -13]
[ 11 -14]
[ 14 -13]
[ 12 -15]
[ 11 -13]
[ 12 -13]
[ 10 -14]
[ 12 -14]
[ 12 -14]
[ 15 -15]
[  9 -13]
[ 11 -12]
[ 12 -15]
[ 12 -15]
[ 11 -13]
[ 13 -14]
[ 11 -14]
[ 14 -12]
[ 11 -15]
[ 13 -14]
[ 11 -12]
[ 11 -13]
[ 10 -14]
[ 12 -15]
[ 12 -15]
[ 12 -17]
[ 12 -14]
[ 12 -14]
[ 11 -15]
[ 13 -15]
[ 13 -15]
[ 13 -15]
[ 12 -15]
[ 12 -15]
[ 12 -15]
[ 11 -15]
[ 13 -15]
[ 12 -14]
[ 13 -16]
[ 11 -17]
[ 11 -15]
[ 12 -16]
[ 13 -13]
[ 13 -13]
[ 10 -15]
[ 11 -13]
[ 12 -14]
[ 13 -15]
[ 10 -13]
[ 13 -13]
[ 13 -15]
[ 11 -14]
[ 13 -14]
[ 12 -16]
[ 12 -14]
[ 13 -14]
[ 12 -15]
[ 13 -15]
[ 11 -16]
[ 13 -12]
[ 13 -16]
[ 11 -15]
[ 13 -16]
[ 12 -16]
[ 11 -15]
[ 10 -15]
[ 11 -15]
[ 13 -14]
[ 13 -15]
[ 11 -14]
[ 12 -17]
[ 11 -15]
[ 12 -15]
[ 10 -14]
[ 13 -15]
[ 12 -16]
[ 10 -15]
[ 10 -14]
[ 12 -17]
[ 13 -14]
[ 12 -12]
[ 11 -13]
[  9 -14]
[ 11 -13]
[ 12 -16]
[ 12 -15]
[ 13 -14]
[ 12 -14]
[ 12 -14]
[ 10 -16]
[ 12 -16]
[ 10 -16]
[ 12 -13]
[ 11 -16]
[ 12 -16]
[ 11 -17]
[ 12 -16]
[ 10 -17]
[ 10 -13]
[ 14 -15]
[ 10 -16]
[ 11 -16]
[ 13 -15]
[ 12 -16]
[ 12 -17]
[ 11 -16]
[ 11 -15]
[ 13 -17]
[ 12 -15]
[ 14 -14]
[ 11 -17]
[ 10 -16]
[ 12 -16]
[ 11 -16]
[ 11 -16]
[ 12 -15]
[ 11 -16]
[ 11 -16]
[ 11 -16]
[ 12 -17]
[ 12 -14]
[ 13 -16]
[ 12 -16]
[ 10 -15]
[ 13 -17]
[ 10 -17]
[ 12 -15]
[ 12 -15]
[ 11 -16]
[ 10 -16]
[ 11 -17]
[ 11 -14]
[ 10 -13]
[ 12 -16]
[ 11 -14]
[ 11 -14]
[ 12 -15]
[ 10 -15]
[ 12 -14]
[ 11 -17]
[ 11 -16]
[ 11 -15]
[ 11 -15]
[ 11 -16]
[ 11 -14]
[ 11 -16]
[ 11 -14]
[ 10 -17]
[ 11 -16]
[ 11 -17]
[ 11 -14]
[ 11 -15]
[ 10 -17]
[ 11 -16]
[ 11 -15]
[ 13 -13]
[ 11 -17]
[  9 -14]
[ 12 -16]
[ 11 -16]
[ 10 -15]
[ 10 -15]
[ 12 -16]
[ 10 -15]
[ 11 -15]
[ 11 -15]
[ 11 -16]
[  9 -17]
[ 11 -15]
[ 10 -15]
[ 11 -15]
[ 11 -16]
[  9 -17]
[ 11 -17]
[ 11 -16]
[ 14 -15]
[  9 -18]
[ 12 -14]
[  9 -19]
[ 11 -16]
[ 11 -14]
[ 10 -16]
[  9 -16]
[ 11 -17]
[ 11 -16]
[  8 -13]
[ 13 -18]
[ 11 -16]
[ 10 -16]
[ 10 -15]
[  9 -16]
[ 11 -16]
[ 12 -16]
[ 12 -18]
[  9 -14]
[ 10 -14]
[ 11 -16]
[ 10 -18]
[ 11 -17]
[ 13 -15]
[ 11 -17]
[ 10 -18]
[ 13 -16]
[ 11 -16]
[ 10 -15]
[ 10 -16]
[ 12 -17]
[ 10 -17]
[ 10 -16]
[ 11 -16]
[ 10 -17]
[  9 -13]
[ 11 -19]
[ 10 -16]
[  9 -14]
[ 11 -18]
[ 10 -18]
[  8 -17]
[ 11 -15]
[ 11 -17]
[ 10 -16]
[ 11 -17]
[  9 -18]
[ 10 -15]
[ 12 -17]
[  9 -17]
[ 10 -16]
[ 10 -16]
[  9 -17]
[ 11 -18]
[ 10 -15]
[ 11 -17]
[  8 -19]
[ 11 -16]
[ 11 -19]
[ 10 -16]
[  9 -14]
[ 10 -16]
[ 10 -18]
[ 11 -14]
[ 10 -17]
[  9 -17]
[  8 -13]
[ 11 -17]
[ 10 -18]
[  9 -16]
[  9 -16]
[  9 -18]
[ 11 -18]
[  9 -16]
[ 10 -16]
[ 10 -16]
[ 13 -16]
[ 11 -15]
[ 12 -18]
[ 10 -15]
[  9 -16]
[ 11 -18]
[  9 -16]
[ 10 -17]
[  9 -17]
[  9 -16]
[ 10 -16]
[ 10 -15]
[  8 -16]
[ 11 -16]
[ 10 -16]
[  9 -16]
[ 11 -17]
[ 10 -16]
[ 10 -15]
[ 12 -17]
[  9 -17]
[  9 -15]
[ 11 -17]
[  9 -18]
[ 10 -16]
[ 12 -16]
[  9 -17]
[  7 -15]
[ 10 -16]
[ 10 -14]
[ 10 -16]
[ 10 -15]
[ 10 -16]
[  8 -16]
[ 11 -16]
[  9 -15]
[  8 -17]
[  8 -15]
[ 10 -18]
[  9 -17]
[ 12 -16]
[  8 -16]
[  8 -15]
[ 10 -16]
[ 10 -17]
[ 10 -17]
[  9 -14]
[ 10 -17]
[  9 -19]
[  9 -17]
[  9 -16]
[  9 -19]
[  8 -19]
[  9 -18]
[  9 -19]
[  6 -16]
[ 10 -18]
[ 10 -17]
[ 10 -17]
[ 11 -19]
[ 11 -17]
[  7 -18]
[ 10 -18]
[  9 -19]
[  8 -15]
[ 10 -16]
[  9 -17]
[ 10 -18]
[  8 -16]
[ 11 -17]
[ 10 -16]
[ 10 -18]
[  8 -17]
[ 11 -15]
[  9 -18]
[  9 -18]
[  8 -15]
[  9 -17]
[  9 -18]
[ 11 -16]
[ 10 -15]
[  9 -18]
[  9 -15]
[  8 -16]
[ 10 -15]
[ 10 -17]
[  9 -16]
[  9 -17]
[  9 -18]
[  8 -17]
[  8 -17]
[  8 -16]
[  9 -20]
[  9 -16]
[  9 -18]
[  8 -19]
[  7 -16]
[  8 -18]
[  8 -19]
[  7 -18]
[ 10 -18]
[  9 -19]
[  8 -16]
[  8 -15]
[ 10 -21]
[  7 -17]
[  9 -16]
[  7 -18]
[  7 -18]
[  7 -17]
[  9 -17]
[  9 -20]
[  8 -16]
[  8 -19]
[  6 -17]
[  8 -18]
[  9 -17]
[  9 -18]
[  8 -18]
[  7 -17]
[  8 -18]
[  8 -16]
[  8 -16]
[  9 -18]
[  9 -18]
[ 10 -17]
[  8 -17]
[  9 -16]
[  8 -18]
[  7 -17]
[  9 -16]
[  7 -17]
[  7 -16]
[  8 -17]
[  7 -17]
[  8 -16]
[  8 -17]
[  8 -16]
[ 10 -16]
[  9 -17]
[  7 -18]
[ 10 -17]
[  9 -18]
[  7 -18]
[  9 -18]
[  7 -17]
[  8 -17]
[ 11 -18]
[  8 -20]
[  7 -16]
[  7 -19]
[  9 -19]
[  7 -15]
[  8 -17]
[  6 -17]
[  8 -18]
[  8 -18]
[  8 -19]
[  8 -18]
[  9 -18]
[  8 -16]
[  8 -18]
[  8 -19]
[  8 -17]
[  6 -19]
[  7 -17]
[  8 -19]
[  8 -20]
[  8 -17]
[  7 -18]
[  9 -17]
[  7 -17]
[  8 -17]
[  7 -18]
[  8 -15]
[  7 -18]
[  6 -18]
[  7 -17]
[ 10 -16]
[  8 -18]
[  8 -19]
[  8 -17]
[  8 -17]
[  9 -20]
[  9 -17]
[  8 -17]
[  8 -20]
[  8 -17]
[  6 -17]
[  5 -18]
[  8 -19]
[  8 -18]
[  7 -18]
[  6 -18]
[  9 -17]
[  7 -19]
[  8 -19]
[  7 -18]
[  7 -19]
[  5 -18]
[  8 -18]
[  7 -19]
[  7 -18]
[  8 -19]
[  8 -19]
[  4 -18]
[  8 -20]
[  8 -21]
[  8 -18]
[ 10 -18]
[  8 -18]
[  6 -19]
[  8 -19]
[  8 -19]
[  7 -19]
[  6 -19]
[  9 -18]
[  6 -18]
[  7 -18]
[  7 -18]
[  7 -18]
[  8 -17]
[  7 -18]
[  7 -18]
[  6 -19]
[  9 -17]
[  8 -19]
[  7 -17]
[  8 -19]
[  7 -16]
[  7 -18]
[  8 -16]
[  8 -18]
[  6 -19]
[  6 -17]
[  6 -18]
[  8 -20]
[  7 -15]
[  5 -20]
[  7 -17]
[  6 -18]
[  9 -19]
[  6 -19]
[  6 -18]
[  8 -18]
[  7 -19]
[  6 -18]
[  6 -17]
[  6 -20]
[  7 -20]
[  7 -18]
[  9 -21]
[  5 -17]
[  7 -18]
[  7 -17]
[  6 -19]
[  7 -18]
[  6 -19]
[  6 -18]
[  6 -18]
[  7 -18]
[  5 -18]
[  7 -18]
[  9 -17]
[  7 -20]
[  7 -18]
[  6 -18]
[  8 -18]
[  7 -18]
[  6 -17]
[  8 -19]
[  6 -17]
[  8 -18]
[  5 -16]
[  8 -18]
[  6 -18]
[  7 -17]
[  7 -19]
[  4 -18]
[  8 -17]
[  6 -18]
[  5 -17]
[  6 -17]
[  4 -16]
[  5 -18]
